-1.5900 -0.7268 1.2059 1.5667 2.3323 -1.3037 -2.6270
-1.5799 -0.7514 1.2093 1.5314 -0.7790 1.3373 0.4950
-1.5599 -0.7940 1.1257 1.5745 2.4150 -1.2614 -2.6705
-1.5498 -0.8127 1.1308 1.5362 -0.7019 1.2999 0.4536
-1.5398 -0.8301 1.1068 1.5378 -0.6792 1.2896 0.4409
-1.5298 -0.8462 1.0838 1.5395 -0.6578 1.2801 0.4288
-1.5197 -0.8614 1.0615 1.5411 -0.6374 1.2714 0.4170
-1.5097 -0.8756 1.0136 1.5863 2.5222 -1.2126 -2.7318
-1.4997 -0.8889 0.9933 1.5885 2.5407 -1.2049 -2.7428
-1.4896 -0.9016 0.9982 1.5460 -0.5821 1.2487 0.3840
-1.4796 -0.9135 0.9781 1.5476 -0.5650 1.2420 0.3735
-1.4696 -0.9248 0.9584 1.5492 -0.5487 1.2358 0.3634
-1.4595 -0.9356 0.9391 1.5508 -0.5330 1.2300 0.3536
-1.4495 -0.9458 0.9202 1.5524 -0.5177 1.2245 0.3439
-1.4395 -0.9555 0.9016 1.5540 -0.5032 1.2193 0.3346
-1.4294 -0.9648 0.8833 1.5555 -0.4890 1.2144 0.3253
-1.4194 -0.9737 0.8652 1.5571 -0.4751 1.2098 0.3163
-1.4094 -0.9821 0.8474 1.5586 -0.4618 1.2054 0.3075
-1.3993 -0.9903 0.8298 1.5601 -0.4489 1.2012 0.2988
-1.3893 -0.9980 0.8125 1.5616 -0.4363 1.1972 0.2904
-1.3793 -1.0055 0.7953 1.5630 -0.4242 1.1934 0.2821
-1.3692 -1.0126 0.7784 1.5645 -0.4123 1.1899 0.2739
-1.3592 -1.0194 0.7616 1.5659 -0.4006 1.1864 0.2658
-1.3492 -1.0260 0.7450 1.5673 -0.3894 1.1832 0.2579
-1.3391 -1.0323 0.7285 1.5687 -0.3783 1.1801 0.2501
-1.3291 -1.0383 0.7122 1.5701 -0.3675 1.1771 0.2425
-1.3191 -1.0442 0.6960 1.5714 -0.3569 1.1742 0.2349
-1.3090 -1.0497 0.6800 1.5727 -0.3466 1.1715 0.2274
-1.2990 -1.0551 0.6640 1.5740 -0.3366 1.1689 0.2202
-1.2890 -1.0603 0.6482 1.5753 -0.3267 1.1665 0.2129
-1.2789 -1.0653 0.6325 1.5765 -0.3169 1.1641 0.2057
-1.2689 -1.0700 0.6169 1.5777 -0.3076 1.1618 0.1987
-1.2589 -1.0746 0.6014 1.5789 -0.2983 1.1597 0.1918
-1.2488 -1.0791 0.5860 1.5801 -0.2891 1.1576 0.1848
-1.2388 -1.0833 0.5707 1.5812 -0.2801 1.1556 0.1780
-1.2288 -1.0874 0.5554 1.5824 -0.2714 1.1537 0.1713
-1.2187 -1.0913 0.5403 1.5834 -0.2627 1.1519 0.1647
-1.2087 -1.0951 0.5252 1.5845 -0.2543 1.1501 0.1581
-1.1987 -1.0987 0.5101 1.5855 -0.2459 1.1484 0.1516
-1.1886 -1.1022 0.4952 1.5866 -0.2376 1.1468 0.1451
-1.1786 -1.1056 0.4803 1.5875 -0.2295 1.1453 0.1387
-1.1686 -1.1088 0.4655 1.5885 -0.2216 1.1438 0.1324
-1.1585 -1.1119 0.4507 1.5894 -0.2138 1.1424 0.1261
-1.1485 -1.1149 0.4360 1.5903 -0.2059 1.1411 0.1199
-1.1385 -1.1177 0.4213 1.5912 -0.1984 1.1398 0.1137
-1.1284 -1.1204 0.4067 1.5921 -0.1908 1.1386 0.1076
-1.1184 -1.1230 0.3921 1.5929 -0.1833 1.1374 0.1015
-1.1084 -1.1255 0.3776 1.5937 -0.1761 1.1363 0.0955
-1.0983 -1.1279 0.3631 1.5945 -0.1687 1.1353 0.0895
-1.0883 -1.1302 0.3486 1.5952 -0.1614 1.1343 0.0835
-1.0783 -1.1323 0.3342 1.5959 -0.1544 1.1333 0.0776
-1.0682 -1.1344 0.3199 1.5966 -0.1473 1.1324 0.0717
-1.0582 -1.1363 0.3055 1.5972 -0.1404 1.1315 0.0659
-1.0482 -1.1382 0.2912 1.5979 -0.1334 1.1307 0.0600
-1.0381 -1.1399 0.2769 1.5984 -0.1266 1.1300 0.0542
-1.0281 -1.1416 0.2627 1.5990 -0.1198 1.1292 0.0485
-1.0181 -1.1432 0.2484 1.5996 -0.1130 1.1285 0.0427
-1.0080 -1.1446 0.2342 1.6001 -0.1064 1.1279 0.0371
-0.9980 -1.1460 0.2201 1.6005 -0.0998 1.1273 0.0314
-0.9880 -1.1473 0.2059 1.6010 -0.0933 1.1267 0.0258
-0.9779 -1.1485 0.1918 1.6014 -0.0866 1.1262 0.0201
-0.9679 -1.1496 0.1776 1.6018 -0.0801 1.1257 0.0144
-0.9579 -1.1506 0.1635 1.6022 -0.0736 1.1253 0.0088
-0.9478 -1.1515 0.1495 1.6025 -0.0673 1.1249 0.0033
-0.9378 -1.1524 0.1354 1.6028 -0.0608 1.1245 -0.0023
-0.9278 -1.1532 0.1213 1.6031 -0.0545 1.1242 -0.0078
-0.9177 -1.1538 0.1073 1.6033 -0.0481 1.1239 -0.0134
-0.9077 -1.1544 0.0932 1.6035 -0.0417 1.1236 -0.0190
-0.8977 -1.1549 0.0792 1.6037 -0.0356 1.1234 -0.0244
-0.8876 -1.1554 0.0652 1.6039 -0.0291 1.1232 -0.0300
-0.8776 -1.1557 0.0512 1.6040 -0.0229 1.1231 -0.0355
-0.8676 -1.1560 0.0371 1.6041 -0.0166 1.1230 -0.0410
-0.8575 -1.1561 0.0231 1.6041 -0.0104 1.1229 -0.0465
-0.8475 -1.1562 0.0091 1.6042 -0.0042 1.1229 -0.0520
-0.8375 -1.1562 -0.0049 1.6042 0.0022 1.1229 -0.0575
-0.8275 -1.1562 -0.0189 1.6042 0.0085 1.1229 -0.0630
-0.8174 -1.1560 -0.0329 1.6041 0.0148 1.1230 -0.0686
-0.8074 -1.1558 -0.0469 1.6040 0.0209 1.1231 -0.0740
-0.7974 -1.1555 -0.0609 1.6039 0.0272 1.1232 -0.0795
-0.7873 -1.1551 -0.0750 1.6038 0.0336 1.1234 -0.0850
-0.7773 -1.1546 -0.0890 1.6036 0.0399 1.1236 -0.0906
-0.7673 -1.1540 -0.1030 1.6034 0.0461 1.1238 -0.0961
-0.7572 -1.1534 -0.1171 1.6031 0.0525 1.1241 -0.1016
-0.7472 -1.1526 -0.1311 1.6029 0.0589 1.1244 -0.1072
-0.7372 -1.1518 -0.1452 1.6026 0.0653 1.1248 -0.1127
-0.7271 -1.1509 -0.1593 1.6023 0.0717 1.1252 -0.1183
-0.7171 -1.1499 -0.1734 1.6019 0.0781 1.1256 -0.1239
-0.7071 -1.1488 -0.1875 1.6015 0.0846 1.1261 -0.1295
-0.6970 -1.1477 -0.2016 1.6011 0.0913 1.1266 -0.1352
-0.6870 -1.1464 -0.2158 1.6007 0.0977 1.1271 -0.1408
-0.6770 -1.1451 -0.2300 1.6002 0.1045 1.1277 -0.1465
-0.6669 -1.1436 -0.2442 1.5997 0.1110 1.1283 -0.1522
-0.6569 -1.1421 -0.2584 1.5992 0.1178 1.1290 -0.1579
-0.6469 -1.1405 -0.2726 1.5986 0.1246 1.1297 -0.1637
-0.6368 -1.1387 -0.2869 1.5980 0.1315 1.1305 -0.1695
-0.6268 -1.1369 -0.3012 1.5974 0.1383 1.1313 -0.1753
-0.6168 -1.1350 -0.3155 1.5968 0.1451 1.1321 -0.1811
-0.6067 -1.1329 -0.3299 1.5961 0.1521 1.1330 -0.1869
-0.5967 -1.1308 -0.3443 1.5954 0.1592 1.1340 -0.1928
-0.5867 -1.1286 -0.3587 1.5947 0.1664 1.1350 -0.1988
-0.5766 -1.1262 -0.3732 1.5939 0.1738 1.1360 -0.2049
-0.5666 -1.1238 -0.3877 1.5931 0.1811 1.1371 -0.2109
-0.5566 -1.1212 -0.4023 1.5923 0.1885 1.1382 -0.2169
-0.5465 -1.1185 -0.4169 1.5915 0.1960 1.1395 -0.2230
-0.5365 -1.1157 -0.4315 1.5906 0.2036 1.1407 -0.2292
-0.5265 -1.1128 -0.4462 1.5897 0.2113 1.1420 -0.2354
-0.5164 -1.1098 -0.4610 1.5888 0.2192 1.1434 -0.2417
-0.5064 -1.1066 -0.4758 1.5878 0.2272 1.1449 -0.2480
-0.4964 -1.1033 -0.4907 1.5869 0.2352 1.1464 -0.2543
-0.4863 -1.0998 -0.5056 1.5859 0.2435 1.1479 -0.2608
-0.4763 -1.0962 -0.5206 1.5848 0.2517 1.1496 -0.2673
-0.4663 -1.0925 -0.5357 1.5838 0.2602 1.1513 -0.2739
-0.4562 -1.0886 -0.5508 1.5827 0.2688 1.1531 -0.2805
-0.4462 -1.0846 -0.5661 1.5816 0.2775 1.1550 -0.2872
-0.4362 -1.0804 -0.5814 1.5804 0.2864 1.1570 -0.2940
-0.4261 -1.0760 -0.5968 1.5793 0.2955 1.1590 -0.3008
-0.4161 -1.0714 -0.6122 1.5781 0.3047 1.1612 -0.3078
-0.4061 -1.0667 -0.6278 1.5769 0.3140 1.1634 -0.3148
-0.3960 -1.0618 -0.6435 1.5756 0.3238 1.1657 -0.3219
-0.3860 -1.0567 -0.6593 1.5744 0.3336 1.1682 -0.3291
-0.3760 -1.0514 -0.6752 1.5731 0.3436 1.1707 -0.3364
-0.3659 -1.0459 -0.6912 1.5718 0.3538 1.1734 -0.3438
-0.3559 -1.0401 -0.7073 1.5705 0.3643 1.1762 -0.3514
-0.3459 -1.0341 -0.7236 1.5691 0.3749 1.1791 -0.3589
-0.3358 -1.0279 -0.7400 1.5677 0.3860 1.1822 -0.3667
-0.3258 -1.0214 -0.7566 1.5663 0.3972 1.1854 -0.3746
-0.3158 -1.0147 -0.7733 1.5649 0.4087 1.1888 -0.3826
-0.3057 -1.0076 -0.7902 1.5635 0.4205 1.1923 -0.3907
-0.2957 -1.0003 -0.8073 1.5620 0.4326 1.1961 -0.3990
-0.2656 -0.9763 -0.8598 1.5575 0.4712 1.2084 -0.4249
-0.2556 -0.9675 -0.8778 1.5560 0.4847 1.2130 -0.4338
-0.2455 -0.9584 -0.8960 1.5544 0.4988 1.2178 -0.4429
-0.2355 -0.9488 -0.9145 1.5529 0.5132 1.2229 -0.4522
-0.2255 -0.9387 -0.9334 1.5513 0.5283 1.2283 -0.4618
-0.2154 -0.9281 -0.9526 1.5497 0.5440 1.2340 -0.4716
-0.2054 -0.9170 -0.9721 1.5481 0.5601 1.2401 -0.4817
-0.1954 -0.9052 -0.9921 1.5465 0.5769 1.2466 -0.4920
-0.1753 -0.8797 -1.0334 1.5432 0.6126 1.2609 -0.5135
-0.1552 -0.8509 -1.0770 1.5399 0.6516 1.2774 -0.5364
-0.1452 -0.8351 -1.0998 1.5383 0.6726 1.2867 -0.5484
-0.1352 -0.8181 -1.1234 1.5367 0.6949 1.2967 -0.5609
-0.1151 -0.7799 -1.1738 1.5334 0.7434 1.3197 -0.5874
-0.1051 -0.7583 -1.2008 1.5318 0.7704 1.3330 -0.6017
-0.0950 -0.7345 -1.2295 1.5303 0.7997 1.3479 -0.6168
-0.0850 -0.7080 -1.2603 1.5288 0.8316 1.3648 -0.6328
