-1.6415 -0.5163 1.4171 1.5504 2.0945 -1.4475 -2.5211
-1.6215 -0.6257 1.3493 1.5254 -0.9273 1.4189 0.5667
-1.6115 -0.6631 1.3100 1.5267 -0.8844 1.3940 0.5471
-1.6015 -0.6949 1.2751 1.5281 -0.8471 1.3732 0.5292
-1.5915 -0.7228 1.2432 1.5296 -0.8138 1.3553 0.5127
-1.5815 -0.7477 1.2137 1.5311 -0.7836 1.3396 0.4973
-1.5715 -0.7703 1.1551 1.5716 2.3854 -1.2761 -2.6545
-1.5615 -0.7908 1.1297 1.5741 2.4112 -1.2634 -2.6684
-1.5515 -0.8098 1.1347 1.5359 -0.7056 1.3017 0.4557
-1.5414 -0.8273 1.1107 1.5375 -0.6827 1.2913 0.4429
-1.5314 -0.8436 1.0598 1.5813 2.4793 -1.2314 -2.7066
-1.5214 -0.8589 1.0652 1.5408 -0.6408 1.2728 0.4190
-1.5114 -0.8732 1.0172 1.5859 2.5191 -1.2140 -2.7299
-1.5014 -0.8867 1.0224 1.5441 -0.6028 1.2570 0.3965
-1.4914 -0.8994 1.0018 1.5457 -0.5851 1.2499 0.3858
-1.4814 -0.9114 0.9816 1.5473 -0.5681 1.2432 0.3754
-1.4714 -0.9228 0.9619 1.5489 -0.5515 1.2369 0.3652
-1.4614 -0.9336 0.9426 1.5505 -0.5357 1.2311 0.3553
-1.4514 -0.9439 0.9237 1.5521 -0.5206 1.2255 0.3457
-1.4414 -0.9537 0.9051 1.5537 -0.5059 1.2203 0.3363
-1.4313 -0.9631 0.8867 1.5552 -0.4916 1.2153 0.3271
-1.4213 -0.9720 0.8687 1.5568 -0.4779 1.2106 0.3181
-1.4113 -0.9805 0.8509 1.5583 -0.4645 1.2062 0.3092
-1.4013 -0.9887 0.8136 1.6079 2.6886 -1.1502 -2.8375
-1.3913 -0.9965 0.8159 1.5613 -0.4387 1.1980 0.2920
-1.3813 -1.0040 0.7988 1.5628 -0.4266 1.1942 0.2837
-1.3713 -1.0111 0.7818 1.5642 -0.4146 1.1906 0.2755
-1.3613 -1.0180 0.7651 1.5656 -0.4029 1.1871 0.2674
-1.3513 -1.0246 0.7484 1.5670 -0.3916 1.1838 0.2595
-1.3413 -1.0310 0.7320 1.5684 -0.3806 1.1807 0.2518
-1.3313 -1.0371 0.7157 1.5698 -0.3698 1.1777 0.2441
-1.3212 -1.0429 0.6995 1.5711 -0.3592 1.1748 0.2365
-1.3112 -1.0485 0.6835 1.5724 -0.3489 1.1721 0.2291
-1.3012 -1.0539 0.6676 1.5737 -0.3388 1.1695 0.2218
-1.2912 -1.0591 0.6518 1.5750 -0.3289 1.1670 0.2145
-1.2812 -1.0642 0.6361 1.5762 -0.3191 1.1646 0.2073
-1.2712 -1.0690 0.6205 1.5775 -0.3096 1.1623 0.2003
-1.2612 -1.0736 0.6050 1.5786 -0.3004 1.1601 0.1933
-1.2512 -1.0780 0.5896 1.5798 -0.2912 1.1581 0.1864
-1.2412 -1.0823 0.5743 1.5810 -0.2823 1.1560 0.1797
-1.2312 -1.0864 0.5590 1.5821 -0.2735 1.1541 0.1729
-1.2211 -1.0904 0.5439 1.5832 -0.2648 1.1523 0.1663
-1.2111 -1.0942 0.5288 1.5843 -0.2562 1.1505 0.1596
-1.2011 -1.0979 0.5138 1.5853 -0.2480 1.1488 0.1532
-1.1911 -1.1014 0.4989 1.5863 -0.2398 1.1472 0.1467
-1.1811 -1.1048 0.4840 1.5873 -0.2315 1.1457 0.1403
-1.1711 -1.1080 0.4692 1.5883 -0.2237 1.1442 0.1340
-1.1611 -1.1111 0.4544 1.5892 -0.2156 1.1428 0.1277
-1.1511 -1.1141 0.4397 1.5901 -0.2079 1.1414 0.1214
-1.1411 -1.1170 0.4251 1.5910 -0.2003 1.1402 0.1153
-1.1311 -1.1197 0.4105 1.5919 -0.1928 1.1389 0.1092
-1.1211 -1.1223 0.3959 1.5927 -0.1854 1.1377 0.1031
-1.1110 -1.1249 0.3814 1.5935 -0.1780 1.1366 0.0971
-1.1010 -1.1273 0.3670 1.5942 -0.1706 1.1356 0.0911
-1.0910 -1.1296 0.3526 1.5950 -0.1634 1.1345 0.0851
-1.0810 -1.1317 0.3382 1.5957 -0.1563 1.1336 0.0792
-1.0710 -1.1338 0.3238 1.5964 -0.1493 1.1326 0.0733
-1.0610 -1.1358 0.3095 1.5971 -0.1422 1.1318 0.0674
-1.0510 -1.1377 0.2952 1.5977 -0.1354 1.1309 0.0617
-1.0410 -1.1395 0.2810 1.5983 -0.1285 1.1302 0.0559
-1.0310 -1.1411 0.2667 1.5989 -0.1217 1.1294 0.0501
-1.0210 -1.1427 0.2525 1.5994 -0.1151 1.1287 0.0444
-1.0110 -1.1442 0.2384 1.5999 -0.1084 1.1281 0.0387
-1.0009 -1.1456 0.2242 1.6004 -0.1017 1.1275 0.0330
-0.9909 -1.1469 0.2101 1.6009 -0.0951 1.1269 0.0274
-0.9809 -1.1481 0.1960 1.6013 -0.0887 1.1264 0.0218
-0.9709 -1.1493 0.1819 1.6017 -0.0821 1.1259 0.0161
-0.9609 -1.1503 0.1678 1.6021 -0.0757 1.1254 0.0106
-0.9509 -1.1513 0.1537 1.6024 -0.0691 1.1250 0.0049
-0.9409 -1.1521 0.1397 1.6027 -0.0627 1.1246 -0.0006
-0.9309 -1.1529 0.1257 1.6030 -0.0564 1.1243 -0.0061
-0.9209 -1.1536 0.1116 1.6032 -0.0500 1.1240 -0.0117
-0.9109 -1.1542 0.0976 1.6035 -0.0437 1.1237 -0.0172
-0.9008 -1.1548 0.0836 1.6036 -0.0375 1.1235 -0.0227
-0.8908 -1.1552 0.0696 1.6038 -0.0312 1.1233 -0.0282
-0.8808 -1.1556 0.0556 1.6039 -0.0249 1.1231 -0.0337
-0.8708 -1.1559 0.0417 1.6040 -0.0186 1.1230 -0.0393
-0.8608 -1.1561 0.0277 1.6041 -0.0123 1.1229 -0.0447
-0.8508 -1.1562 0.0137 1.6042 -0.0062 1.1229 -0.0502
-0.8408 -1.1562 -0.0003 1.6042 0.0001 1.1229 -0.0557
-0.8308 -1.1562 -0.0142 1.6042 0.0063 1.1229 -0.0611
-0.8208 -1.1561 -0.0282 1.6041 0.0127 1.1229 -0.0667
-0.8108 -1.1559 -0.0422 1.6040 0.0189 1.1230 -0.0722
-0.8008 -1.1556 -0.0562 1.6039 0.0251 1.1231 -0.0777
-0.7907 -1.1552 -0.0702 1.6038 0.0313 1.1233 -0.0831
-0.7807 -1.1548 -0.0842 1.6036 0.0377 1.1235 -0.0887
-0.7707 -1.1542 -0.0982 1.6034 0.0440 1.1237 -0.0942
-0.7607 -1.1536 -0.1122 1.6032 0.0502 1.1240 -0.0997
-0.7507 -1.1529 -0.1262 1.6030 0.0566 1.1243 -0.1052
-0.7407 -1.1521 -0.1402 1.6027 0.0631 1.1246 -0.1108
-0.7307 -1.1512 -0.1543 1.6024 0.0694 1.1250 -0.1164
-0.7207 -1.1503 -0.1683 1.6020 0.0758 1.1254 -0.1219
-0.7107 -1.1492 -0.1824 1.6017 0.0823 1.1259 -0.1275
-0.7007 -1.1481 -0.1965 1.6013 0.0889 1.1264 -0.1332
-0.6906 -1.1469 -0.2106 1.6008 0.0954 1.1269 -0.1388
-0.6806 -1.1456 -0.2248 1.6004 0.1019 1.1275 -0.1444
-0.6706 -1.1442 -0.2389 1.5999 0.1086 1.1281 -0.1501
-0.6606 -1.1427 -0.2531 1.5994 0.1153 1.1288 -0.1558
-0.6506 -1.1411 -0.2673 1.5988 0.1221 1.1295 -0.1616
-0.6406 -1.1394 -0.2815 1.5983 0.1288 1.1302 -0.1673
-0.6306 -1.1376 -0.2958 1.5977 0.1357 1.1310 -0.1731
-0.6206 -1.1357 -0.3101 1.5970 0.1425 1.1318 -0.1789
-0.6106 -1.1337 -0.3244 1.5964 0.1494 1.1327 -0.1847
-0.6006 -1.1317 -0.3387 1.5957 0.1565 1.1336 -0.1906
-0.5906 -1.1295 -0.3531 1.5950 0.1638 1.1346 -0.1965
-0.5805 -1.1272 -0.3675 1.5942 0.1709 1.1356 -0.2025
-0.5705 -1.1248 -0.3820 1.5934 0.1782 1.1367 -0.2085
-0.5605 -1.1222 -0.3965 1.5926 0.1855 1.1378 -0.2145
-0.5505 -1.1196 -0.4111 1.5918 0.1929 1.1390 -0.2205
-0.5405 -1.1169 -0.4257 1.5910 0.2005 1.1402 -0.2267
-0.5305 -1.1140 -0.4403 1.5901 0.2084 1.1415 -0.2329
-0.5205 -1.1110 -0.4550 1.5892 0.2160 1.1428 -0.2391
-0.5105 -1.1079 -0.4698 1.5882 0.2240 1.1443 -0.2454
-0.5005 -1.1046 -0.4846 1.5873 0.2318 1.1457 -0.2517
-0.4905 -1.1013 -0.4995 1.5863 0.2401 1.1473 -0.2582
-0.4805 -1.0977 -0.5144 1.5853 0.2483 1.1489 -0.2646
-0.4704 -1.0941 -0.5294 1.5842 0.2567 1.1506 -0.2711
-0.4604 -1.0902 -0.5445 1.5831 0.2652 1.1524 -0.2777
-0.4504 -1.0863 -0.5596 1.5820 0.2739 1.1542 -0.2844
-0.4404 -1.0822 -0.5749 1.5809 0.2825 1.1561 -0.2911
-0.4304 -1.0779 -0.5902 1.5798 0.2915 1.1581 -0.2979
-0.4204 -1.0734 -0.6056 1.5786 0.3008 1.1602 -0.3048
-0.4104 -1.0688 -0.6211 1.5774 0.3101 1.1624 -0.3118
-0.4004 -1.0640 -0.6367 1.5762 0.3196 1.1647 -0.3188
-0.3904 -1.0589 -0.6524 1.5749 0.3292 1.1671 -0.3259
-0.3804 -1.0537 -0.6682 1.5737 0.3391 1.1696 -0.3332
-0.3703 -1.0483 -0.6841 1.5724 0.3493 1.1722 -0.3406
-0.3603 -1.0427 -0.7001 1.5711 0.3595 1.1750 -0.3480
-0.3503 -1.0368 -0.7163 1.5697 0.3702 1.1778 -0.3556
-0.3403 -1.0307 -0.7326 1.5684 0.3809 1.1808 -0.3632
-0.3303 -1.0244 -0.7491 1.5670 0.3920 1.1840 -0.3710
-0.3203 -1.0178 -0.7657 1.5656 0.4035 1.1873 -0.3790
-0.3103 -1.0109 -0.7825 1.5641 0.4151 1.1907 -0.3870
-0.3003 -1.0037 -0.7995 1.5627 0.4271 1.1943 -0.3952
-0.2903 -0.9962 -0.8166 1.5612 0.4394 1.1982 -0.4036
-0.2803 -0.9884 -0.8340 1.5597 0.4519 1.2022 -0.4120
-0.2703 -0.9802 -0.8516 1.5582 0.4650 1.2064 -0.4207
-0.2602 -0.9717 -0.8694 1.5567 0.4784 1.2108 -0.4296
-0.2502 -0.9627 -0.8874 1.5552 0.4921 1.2155 -0.4386
-0.2402 -0.9533 -0.9058 1.5536 0.5063 1.2205 -0.4478
-0.2002 -0.9109 -0.9824 1.5473 0.5688 1.2434 -0.4870
-0.1902 -0.8989 -1.0026 1.5456 0.5857 1.2501 -0.4974
-0.1702 -0.8726 -1.0443 1.5424 0.6222 1.2649 -0.5192
-0.1602 -0.8583 -1.0661 1.5408 0.6417 1.2732 -0.5306
-0.1501 -0.8430 -1.0885 1.5391 0.6622 1.2820 -0.5424
-0.1401 -0.8266 -1.1116 1.5375 0.6836 1.2916 -0.5546
-0.1101 -0.7694 -1.1871 1.5326 0.7567 1.3262 -0.5945
-0.1001 -0.7468 -1.2148 1.5311 0.7847 1.3402 -0.6091
-0.0601 -0.6240 -1.3510 1.5254 0.9292 1.4200 -0.6787
