-1.1625 -0.0181 1.3563 0.2989 -1.4227 1.4831 0.0685
-1.1525 -0.0584 1.1880 0.3018 -1.2500 1.4733 0.0667
-1.1424 -0.0858 1.0701 0.3054 -1.1293 1.4660 0.0649
-1.1324 -0.1071 0.9744 0.3091 -1.0317 1.4599 0.0629
-1.1224 -0.1248 0.8919 0.3128 -0.9478 1.4546 0.0606
-1.1124 -0.1399 0.8183 0.3162 -0.8733 1.4498 0.0581
-1.1024 -0.1529 0.7513 0.3194 -0.8057 1.4454 0.0555
-1.0924 -0.1644 0.6893 0.3224 -0.7432 1.4413 0.0526
-1.0824 -0.1745 0.6311 0.3251 -0.6848 1.4376 0.0496
-1.0723 -0.1835 0.5761 0.3277 -0.6297 1.4343 0.0464
-1.0623 -0.1914 0.5236 0.3300 -0.5773 1.4312 0.0431
-1.0523 -0.1985 0.4733 0.3321 -0.5272 1.4283 0.0396
-1.0423 -0.2047 0.4247 0.3340 -0.4789 1.4258 0.0361
-1.0323 0.0853 1.8241 0.0078 1.2616 -1.4361 3.0575
-1.0223 0.1033 2.0426 0.0002 1.0434 -1.4164 3.0613
-1.0123 0.1152 2.2166 -0.0056 0.8695 -1.4013 3.0675
-1.0022 0.1240 2.3721 -0.0103 0.7139 -1.3890 3.0756
-0.9922 0.1306 2.5179 -0.0141 0.5677 -1.3789 3.0852
-0.9822 0.1356 2.6582 -0.0170 0.4269 -1.3708 3.0961
-0.9722 0.1392 2.7951 -0.0192 0.2891 -1.3649 3.1080
-0.9622 0.1416 2.9301 -0.0206 0.1532 -1.3612 3.1206
-0.9522 -0.2311 0.0306 0.3422 -0.0897 1.4133 0.0008
-0.9422 -0.2312 -0.0112 0.3422 -0.0486 1.4131 -0.0033
-0.9321 -0.2308 -0.0531 0.3420 -0.0074 1.4130 -0.0074
-0.9221 -0.2298 -0.0951 0.3416 0.0339 1.4132 -0.0116
-0.9121 -0.2282 -0.1373 0.3410 0.0755 1.4136 -0.0157
-0.9021 -0.2261 -0.1800 0.3402 0.1176 1.4143 -0.0198
-0.8921 -0.2235 -0.2231 0.3392 0.1602 1.4151 -0.0239
-0.8821 -0.2202 -0.2669 0.3381 0.2034 1.4162 -0.0279
-0.8721 -0.2163 -0.3115 0.3367 0.2476 1.4176 -0.0319
-0.8620 -0.2118 -0.3571 0.3352 0.2927 1.4191 -0.0359
-0.8520 -0.2066 -0.4039 0.3334 0.3392 1.4210 -0.0398
-0.8420 -0.2006 -0.4521 0.3315 0.3871 1.4230 -0.0436
-0.8320 -0.1938 -0.5019 0.3293 0.4367 1.4254 -0.0474
-0.8220 -0.1862 -0.5538 0.3269 0.4885 1.4280 -0.0510
-0.8120 -0.1776 -0.6080 0.3243 0.5429 1.4309 -0.0546
-0.8020 -0.1679 -0.6653 0.3215 0.6004 1.4342 -0.0580
-0.7919 -0.1569 -0.7262 0.3185 0.6617 1.4377 -0.0614
-0.7819 -0.1443 -0.7917 0.3152 0.7278 1.4417 -0.0645
-0.7719 -0.1300 -0.8632 0.3117 0.8003 1.4460 -0.0675
-0.7619 -0.1132 -0.9428 0.3080 0.8812 1.4509 -0.0704
-0.7519 -0.0932 -1.0341 0.3041 0.9742 1.4564 -0.0730
-0.7419 -0.0681 -1.1440 0.3002 1.0866 1.4628 -0.0756
-0.7319 -0.0335 -1.2910 0.2967 1.2375 1.4711 -0.0782
